0000010000110011001100100100100000000000000000000
0000010000110001001000100100100000000000000000000
0001001001011100010100011100010000000000000000000
0001001001011000010000011100010000000000000000000
0001000001011100010100011100010000000000000000000
0001000001011000010000011100010000000000000000000
0001010001011000010100011100100000000000000000000
0001010001011000010000011100100000000000000000000
0001000001011000010100011100100000000000000000000
0001000001011000010000011100100000000000000000000
1000010000000001001100100100100000000000000110000
1000010000000001001000100100100000000000000110000
1000000000000001001100100100100110100000000110000
0001000001011000010100011100010000011010000000000
1000000000000001001000100100100110100000000110000
0001000001011000010000011100010000011010000000000
0010000000000001001010100100100110100000000010000
0000001000000000010000011100010000000001100110110
0000000000000001001000100100100010000000000110100
0001000001011000010000011100100110100000000000000
0010000000000001001010100100100010000000000010000
0000000000000000010000011100010000011011100010010
0000010000110001001000100100100010000000000010100
0000000000000000010000011100100010100001100010010
0010000000000001001000100100100010000000000010000
0000001000000000010000011100010000001011100110110
0000010000110001001000100100100010100000000010000
1000000000000001001010100100100010000000000010000
0000000000000000010000011100100110100001100010010
0000010000000001001000100100100000000000000110100
1000000000000001100111000000100000000000000000000
1000000000000001100011000000100000000000000000000
0000000000000001100100100100100000000000000001000
0000000000000001100000100100100000000000000001000
1000000000000001100111000000010000000000000000000
1000000000000001100011000000010000000000000000000
0000000000000101100100100100010000000000000001000
0000000000000001100000100100010000000000000001000
0000000000000001001110111100100010000000000000000
0000000000000010001101111100001000000000100000000
0001000001011000010000111100100101100000000000000
0000100000000001001000100100100000000000000110100
0001100001010000001001011100100000000000000000000
0001000001011000010000111100100100000000000000000
0000000000000001001010111100100110100000000000000
0000000000000000001001111100001000000001101000000
0000000000100011001000100100100110100000000000000
0000100000000001001100100100100000000000000110100
0000000000100001001000100100100110100000000000000
0001000001011000010100011100100110100000000000000
0001000101011100010100011100010000000000000000000
0000010000000001001100100100100000000000000110100
0001000101011000010000011100010000000000000000000
0000000000000000001001100100100110100000000001100
0000000000001000010100011100100000000001100110100
0000000000000000001000101000101000000000000000000
0000000000000000001001001000101000000000000000000
1000000000000011001011001100000000000000000000000
1000000000000011001011001100101000000000000000000
1000000000000011001100001100000110100000000010000
1000000000000011001100001100100110100000000010000
0000000000000010001100100100101000000001101000000
0000000000000011001100000000100010000000000000000
0000000000000010001110101000101000000000000000000
0000000000000010001111001000101000000000000000000
0000000000000000001000001000100000000000000000000
0000000000000000001010001010100000000000000000000
1110100000110011001101000100101000000000000000000
1110100000110001001001000100101000000000000000000
1110000000000011001101000100101110100000000110100
1110000000000001001001000100101110100000000110100
1110100000110011001111000100101000000000000000000
1110100000110001001011000100101000000000000000000
1110000000000011001111000100101110100000000110100
1110000000000001001011000100101110100000000110100
0000010010100010001100100100101000000000000000000
0000010010100000001000100100101000000000000000000
0000000010000010001100100100101110100000000110100
0000000010000000001000100100101110100000000110100
0000010000100010001100100100101000000001101000000
0000010000100000001000100100101000000001101000000
1000010000100011001100100100101000000000000000000
1000010000100001001000100100101000000000000000000
1000000000000011001100100100101110100000000110100
1000000000000001001000100100101110100000000110100
0000010010100010001100000100101000000000000000000
0000010010100000001000000100101000000000000000000
0000000010000010001100000100101110100000000110100
0000000010000000001000000100101110100000000110100
0000010000100010001100000100101000000001101000000
0000010000100000001000000100101000000001101000000
1000010000100011001100000100101000000000000000000
1000010000100001001000000100101000000000000000000
1000000000000011001100000100101110100000000110100
1000000000000001001000000100101110100000000110100
0000010010100010001110100100101000000000000000000
0000010010100000001010100100101000000000000000000
0000000010000010001110100100101110100000000110100
0000000010000000001010100100101110100000000110100
0000010000100010001110100100101000000001101000000
0000010000100000001010100100101000000001101000000
1000010000100011001110100100101000000000000000000
1000010000100001001010100100101000000000000000000
1000000000000011001110100100101110100000000110100
1000000000000001001010100100101110100000000110100
0000010010100010001110000100101000000000000000000
0000010010100000001010000100101000000000000000000
0000000010000010001110000100101110100000000110100
0000000010000000001010000100101110100000000110100
0000010000100010001110000100101000000001101000000
0000010000100000001010000100101000000001101000000
1000010000100011001110000100101000000000000000000
1000010000100001001010000100101000000000000000000
1000000000000011001110000100101110100000000110100
1000000000000001001010000100101110100000000110100
0000000000110010001000001100000000000000000000000
0000000000110010001000001100101000000000000000000
0000000000110000001000001100000000000000000000000
0000000000110000001000001110101000000000000000000
0000000000000010001000001100000000000000000110100
0000000000000010001000001100101000000000000110100
0000000000000000001000001100000000000000000110100
0000000000000000001000001110101000000000000110100
0000000000110010001000101100000000000000000000000
0000000000110010001000101100101000000000000000000
0000000000110000001000101100000000000000000000000
0000000000110000001000101110101000000000000000000
0000000000000010001000101100000000000000000110100
0000000000000010001000101100101000000000000110100
0000000000000000001000101100000000000000000110100
0000000000000000001000101110101000000000000110100
1000010000110001001000101100000000000000000000000
1000010000110001001000101100101000000000000000000
1000010000110001001000101100000000000000000110100
1000010000110001001000101100101000000000000110100
0000000010000010001001001100000000000000000000000
0000000010000010001001001100100000000000000000000
0000000010000000001001001100000000000100000000000
0000000010000000001001001110100000000100000000000
0000000000000010001001001100000000000001101000000
0000000000000010001001001100100000000001101000000
0000000000000000001001001100000000000101101000000
0000000000000000001001001110100000000101101000000
0000000010000010001001101100000000000000000000000
0000000010000010001001101100100000000000000000000
0000000010000000001001101100000000000100000000000
0000000010000000001001101110100000000100000000000
0000000000000010001001101100000000000001101000000
0000000000000010001001101100100000000001101000000
0000000000000000001001101100000000000101101000000
0000000000000000001001101110100000000101101000000
0000010010000010001110100100101000000000000110000
0000010010000000001010100100101000000000000110000
0000000000000010001110100100101110100001101110000
0000000000000000001010100100101110100001101110000
0000010010100010001110100100001000000000000000000
0000010010100000001010100100001000000000000000000
0000000010000010001110100100001110100000000110100
0000000010000000001010100100001110100000000110100
0000010000100010001110100100001000000001101000000
0000010000100000001010100100001000000001101000000
1000010000100011001110100100001000000000000000000
1000010000100001001010100100001000000000000000000
1000000000000011001110100100001110100000000110100
1000000000000001001010100100001110100000000110100
0000010010100010001100010000101000000000000000000
0000010010100000001000010000101000000000000000000
0000000010000010001100010000101110100000000110100
0000000010000000001000010000101110100000000110100
0000010000100010001100010000101000000001101000000
0000010000100000001000010000101000000001101000000
1000010000100011001100010000101000000000000000000
1000010000100001001000010000101000000000000000000
1000000000000011001100010000101110100000000110100
1000000000000001001000010000101110100000000110100
0000010010100010001100110000101000000000000000000
0000010010100000001000110000101000000000000000000
0000000010000010001100110000101110100000000110100
0000000010000000001000110000101110100000000110100
0000010000100010001100110000101000000001101000000
0000010000100000001000110000101000000001101000000
1000010000100011001100110000101000000000000000000
1000010000100001001000110000101000000000000000000
1000000000000011001100110000101110100000000110100
1000000000000001001000110000101110100000000110100
0000010000100010001101010000100000000000000000000
0000010000100000001001010000100000000000000000000
0000000000000010001101010000100110100000000110100
0000000000000000001001010000100110100000000110100
1110010000110011001101111000101000000000000000000
1110010000110001001001111000101000000000000000000
0000010000110010001101111000101000000000001000000
0000010000110000001001111000101000000000001000000
1110000000000001001101111000101110100000000110100
1110000000000001001001111000101110100000000110100
0000000000000010001101111000101110100000001110100
0000000000000000001001111000101110100000001110100
1000010000110011001101111000101000000000000000000
1000010000110001001001111000101000000000000000000
1000000000000001001101111000101110100000000110100
1000000000000001001001111000101110100000000110100
1110010000110011001101011000101000000000000000000
1110010000110001001001011000101000000000000000000
0000010000110010001101011000101000000000001000000
0000010000110000001001011000101000000000001000000
1110000000000001001101011000101110100000000110100
1110000000000001001001011000101110100000000110100
0000000000000010001101011000101110100000001110100
0000000000000000001001011000101110100000001110100
1000010000110011001101011000101000000000000000000
1000010000110001001001011000101000000000000000000
1000000000000001001101011000101110100000000110100
1000000000000001001001011000101110100000000110100
1110010000110011001100111000101000000000000000000
1110010000110001001000111000101000000000000000000
0000010000110010001100111000101000000000001000000
0000010000110000001000111000101000000000001000000
1110000000000001001100111000101110100000000110100
1110000000000001001000111000101110100000000110100
0000000000000010001100111000101110100000001110100
0000000000000000001000111000101110100000001110100
1000010000110011001100111000101000000000000000000
1000010000110001001000111000101000000000000000000
1000000000000001001100111000101110100000000110100
1000000000000001001000111000101110100000000110100
1110010000110011001100011000101000000000000000000
1110010000110001001000011000101000000000000000000
0000010000110010001100011000101000000000001000000
0000010000110000001000011000101000000000001000000
1110000000000001001100011000101110100000000110100
1110000000000001001000011000101110100000000110100
0000000000000010001100011000101110100000001110100
0000000000000000001000011000101110100000001110100
1000010000110011001100011000101000000000000000000
1000010000110001001000011000101000000000000000000
1000000000000001001100011000101110100000000110100
1000000000000001001000011000101110100000000110100
1110010000110011001100010100101000000000000000000
1110010000110001001000010100101000000000000000000
0000010000110010001100010100101000000000001000000
0000010000110000001000010100101000000000001000000
1110000000000001001100010100101110100000000110100
1110000000000001001000010100101110100000000110100
0000000000000010001100010100101110100000001110100
0000000000000000001000010100101110100000001110100
1000010000110011001100010100101000000000000000000
1000010000110001001000010100101000000000000000000
1000000000000001001100010100101110100000000110100
1000000000000001001000010100101110100000000110100
1110010000110011001100110100101000000000000000000
1110010000110001001000110100101000000000000000000
0000010000110010001100110100101000000000001000000
0000010000110000001000110100101000000000001000000
1110000000000001001100110100101110100000000110100
1110000000000001001000110100101110100000000110100
0000000000000010001100110100101110100000001110100
0000000000000000001000110100101110100000001110100
1000010000110011001100110100101000000000000000000
1000010000110001001000110100101000000000000000000
1000000000000001001100110100101110100000000110100
1000000000000001001000110100101110100000000110100
1110010000110011001101010100101000000000000000000
1110010000110001001001010100101000000000000000000
0000010000110010001101010100101000000000001000000
0000010000110000001001010100101000000000001000000
1110000000000001001101010100101110100000000110100
1110000000000001001001010100101110100000000110100
0000000000000010001101010100101110100000001110100
0000000000000000001001010100101110100000001110100
1000010000110011001101010100101000000000000000000
1000010000110001001001010100101000000000000000000
0000010010100010001100010000001000000000000000000
0000010010100000001000010000001000000000000000000
0000010000100010001100010000001000000001101000000
0000010000100000001000010000001000000001101000000
1000010000100011001100010000001000000000000000000
1000010000100001001000010000001000000000000000000
0000010010100010001101110000101000000000000000000
0000010010100000001001110000101000000000000000000
0000000010000010001101110000101110100000000110100
0000000010000000001001110000101110100000000110100
0000010000100010001101110000101000000001101000000
0000010000100000001001110000101000000001101000000
1000010000100011001101110000101000000000000000000
1000010000100001001001110000101000000000000000000
1000000000000011001101110000101110100000000110100
1000000000000001001001110000101110100000000110100
0000000000000000010000011100010000011111100010010
1000000000000001001000100100100111100000000111100
0000000000000000010000011100010000011111100110110
0000000000110001001000100100100111100000000000000
0001000001011000010000011100100111100000000000000
0100000000000001001010100100100010000000000010000
0000000000000000010000111100010000010011100010010
1000000000000001001000100100100100100000000110000
0110000000000001001000100100100111100000000110000
0100000000000001001010100100100110100000000010000
0000000000000000010000111100010000010011100110110
0001000001011000010000111100100100100000000000000
1000000010000001001000100101000111100000000111100
1000000000000001001000100101000111100010000111100
1010000000000001001000100100100000100000000000100
1000000000000001001000100101000111100010001111100
1000000000000001001000100101000111100010010111100
1000000000000001001000100101000111100010011111100
0000000000000000010000011100100111100001100010010
1000000000000001001000100100100010000000000010000
0000000000000000010000011100100100100001100010010
0000000000001001010100011100100110000000000011000
0000000000000001010100011100100110100000000011100
0000000000000000001110100100001000000001101110000
0000000000000001001000000000100110000000000000000
1110000000000001001011111100100011000000000011000
1110000000000001001011111100100011100000000011100
0000000000001001010000011100100110000000000011000
0000000000000001010000011100100110100000000011100
0000000000000000001010100100001000000001101110000
0010000000000001001011111100100011000000000011000
0010000000000001001011111100100011100000000011100
0000000000001000010100011100100000000001100011000
0000000000001000010000011100100000000001100011000
0000000000001000010100011100100110100001100011000
0000000000000000010100011100010000011011100011100
0000000000001000010000011100100110100001100011000
0000000000000000010000011100010000011011100011100
0000000000000000010100011100100110100001100011100
0000000000000010001110100100001000000001101000000
0000000000000000010000011100100110100001100011100
0000000000000000001010100100001000000001101000000
0000000000000100010100011100010000000001100011100
0000000000000000010000011100010000000001100011100
0000000000000001001011011100001000000000000000000
1100000000000001001000000000100110100000000000000
0010000000000001001000010100100110100000000110100
0010000000000001010000100100100100100000000110100
0000000000000001010000100100100111100000000110100
1000000000000001001000000000100110100000000000000
0000000000000000010000011100010000011101100010010
0010000000000001010000100100100100100000000110000
0000000000000001010000100100100111100000000110000
0000000000000000000000000000100111000000000000000
0010000000000001001000010100100110100000000111000
0000000000000000000000000000100111100000000000000
0010000000000001001000010100100110100000000111100
0000000000000000000011101000000000000000000000000
0100000000000001001000000000100110100000000000000
0000000000000000000000000000000000000000000000000
1010000000000001001010011100001000000000000000000
0100000000000001001010011100001000000000000000000
0010000000000001001010011100001000000000000000000
0000000000000001001010011100001000000000000000000
1010000000000001001000100100100111100000000111100
1010000000000001001010111100001000000000000000000
0100000000000001001010111100001000000000000000000
0010000000000001001010111100001000000000000000000
0000000000000000000000000000000000000000000000000
0000000000000000000000000000000000000000000000000
0000000000000000000000000000000000000000000000000
0000000000000000000000000000000000000000000000000
0000000000000000000000000000000000000000000000000
0000000000000000000000000000000000000000000000000
0000000000000000000000000000000000000000000000000
0000000000000000000000000000000000000000000000000
0000000000000000000000000000000000000000000000000
0000000000000000000000000000000000000000000000000
0000000000000000000000000000000000000000000000000
0000000000000000000000000000000000000000000000000
0000000000000000000000000000000000000000000000000
0000000000000000000000000000000000000000000000000
0000000000000000000000000000000000000000000000000
0000000000000000000000000000000000000000000000000
0000000000000000000000000000000000000000000000000
0000000000000000000000000000000000000000000000000
0000000000000000000000000000000000000000000000000
0000000000000000000000000000000000000000000000000
0000000000000000000000000000000000000000000000000
0000000000000000000000000000000000000000000000000
0000000000000000000000000000000000000000000000000
0000000000000000000000000000000000000000000000000
0000000000000000000000000000000000000000000000000
0000000000000000000000000000000000000000000000000
0000000000000000000000000000000000000000000000000
0000000000000000000000000000000000000000000000000
0000000000000000000000000000000000000000000000000
0000000000000000000000000000000000000000000000000
0000000000000000000000000000000000000000000000000
0000000000000000000000000000000000000000000000000
0000000000000000000000000000000000000000000000000
0000000000000000000000000000000000000000000000000
0000000000000000000000000000000000000000000000000
0000000000000000000000000000000000000000000000000
0000000000000000000000000000000000000000000000000
0000000000000000000000000000000000000000000000000
0000000000000000000000000000000000000000000000000
0000000000000000000000000000000000000000000000000
0000000000000000000000000000000000000000000000000
0000000000000000000000000000000000000000000000000
0000000000000000000000000000000000000000000000000
0000000000000000000000000000000000000000000000000
0000000000000000000000000000000000000000000000000
0000000000000000000000000000000000000000000000000
0000000000000000000000000000000000000000000000000
0000000000000000000000000000000000000000000000000
0000000000000000000000000000000000000000000000000
0000000000000000000000000000000000000000000000000
0000000000000000000000000000000000000000000000000
0000000000000000000000000000000000000000000000000
0000000000000000000000000000000000000000000000000
0000000000000000000000000000000000000000000000000
0000000000000000000000000000000000000000000000000
0000000000000000000000000000000000000000000000000
0000000000000000000000000000000000000000000000000
0000000000000000000000000000000000000000000000000
0000000000000000000000000000000000000000000000000
0000000000000000000000000000000000000000000000000
0000000000000000000000000000000000000000000000000
0000000000000000000000000000000000000000000000000
0000000000000000000000000000000000000000000000000
0000000000000000000000000000000000000000000000000
0000000000000000000000000000000000000000000000000
0000000000000000000000000000000000000000000000000
0000000000000000000000000000000000000000000000000
0000000000000000000000000000000000000000000000000
0000000000000000000000000000000000000000000000000
0000000000000000000000000000000000000000000000000
0000000000000000000000000000000000000000000000000
0000000000000000000000000000000000000000000000000
0000000000000000000000000000000000000000000000000
0000000000000000000000000000000000000000000000000
0000000000000000000000000000000000000000000000000
0000000000000000000000000000000000000000000000000
0000000000000000000000000000000000000000000000000
0000000000000000000000000000000000000000000000000
0000000000000000000000000000000000000000000000000
0000000000000000000000000000000000000000000000000
0000000000000000000000000000000000000000000000000
0000000000000000000000000000000000000000000000000
0000000000000000000000000000000000000000000000000
0000000000000000000000000000000000000000000000000
0000000000000000000000000000000000000000000000000
0000000000000000000000000000000000000000000000000
0000000000000000000000000000000000000000000000000
0000000000000000000000000000000000000000000000000
0000000000000000000000000000000000000000000000000
0000000000000000000000000000000000000000000000000
0000000000000000000000000000000000000000000000000
0000000000000000000000000000000000000000000000000
0000000000000000000000000000000000000000000000000
0000000000000000000000000000000000000000000000000
0000000000000000000000000000000000000000000000000
0000000000000000000000000000000000000000000000000
0000000000000000000000000000000000000000000000000
0000000000000000000000000000000000000000000000000
0000000000000000000000000000000000000000000000000
0000000000000000000000000000000000000000000000000
0000000000000000000000000000000000000000000000000
0000000000000000000000000000000000000000000000000
0000000000000000000000000000000000000000000000000
0000000000000000000000000000000000000000000000000
0000000000000000000000000000000000000000000000000
0000000000000000000000000000000000000000000000000
0000000000000000000000000000000000000000000000000
0000000000000000000000000000000000000000000000000
0000000000000000000000000000000000000000000000000
0000000000000000000000000000000000000000000000000
0000000000000000000000000000000000000000000000000
0000000000000000000000000000000000000000000000000
0000000000000000000000000000000000000000000000000
0000000000000000000000000000000000000000000000000
0000000000000000000000000000000000000000000000000
0000000000000000000000000000000000000000000000000
0000000000000000000000000000000000000000000000000
0000000000000000000000000000000000000000000000000
0000000000000000000000000000000000000000000000000
0000000000000000000000000000000000000000000000000
0000000000000000000000000000000000000000000000000
0000000000000000000000000000000000000000000000000
0000000000000000000000000000000000000000000000000
0000000000000000000000000000000000000000000000000
0000000000000000000000000000000000000000000000000
0000000000000000000000000000000000000000000000000
0000000000000000000000000000000000000000000000000
0000000000000000000000000000000000000000000000000
0000000000000000000000000000000000000000000000000
0000000000000000000000000000000000000000000000000
0000000000000000000000000000000000000000000000000
0000000000000000000000000000000000000000000000000
0000000000000000000000000000000000000000000000000
0000000000000000000000000000000000000000000000000
0000000000000000000000000000000000000000000000000
0000000000000000000000000000000000000000000000000
0000000000000000000000000000000000000000000000000
0000000000000000000000000000000000000000000000000
0000000000000000000000000000000000000000000000000
0000000000000000000000000000000000000000000000000
0000000000000000000000000000000000000000000000000
0000000000000000000000000000000000000000000000000
0000000000000000000000000000000000000000000000000
0000000000000000000000000000000000000000000000000
0000000000000000000000000000000000000000000000000
0000000000000000000000000000000000000000000000000
0000000000000000000000000000000000000000000000000
0000000000000000000000000000000000000000000000000
0000000000000000000000000000000000000000000000000
0000000000000000000000000000000000000000000000000
0000000000000000000000000000000000000000000000000
0000000000000000000000000000000000000000000000000
0000000000000000000000000000000000000000000000000
0000000000000000000000000000000000000000000000000
0000000000000000000000000000000000000000000000000
0000000000000000000000000000000000000000000000000
0000000000000000000000000000000000000000000000000
